0000 0000000000000000000000000000000000000000000000000000000
0001 0000000000000000000000000000000000000000000000000000000
0002 0000000000000000000000000000000000000000000000000000000
0003 0000000000000000000000000000000000000000000000000000000
0004 0000000000000000000000000000000000000000000000000000000
0005 0000000000000000000000000000000000000000000000000000000
0006 0000000000000000000000000000000000000000000000000000000
0007 0000000000000000000000000000000000000000000000000000000
0008 0000000000000000000000000000000000000000000000000000000
0009 0000000000000000000000000000000000000000000000000000000
